H3N20T5
Mean: 22.0119632756 15.0833697724
Median: 9.52 9.54
Max: 133.12 105.32
Min: 0.12 0.2
N_epochs: 47.08 27.88
STD: 33.2789653204 21.8370545447
Skew: 2.22577973756 2.83749158035
Corr: [ 0.0387453   0.49563872]
No std: 0

H3N50T5
Mean: 22.0119632756 16.3613767443
Median: 9.52 8.32
Max: 133.12 108.72
Min: 0.12 0.16
N_epochs: 47.08 33.64
STD: 33.2789653204 23.9823633023
Skew: 2.22577973756 2.59802156871
Corr: [ 0.05962922  0.33542017]
No std: 0

H3N100T5
Mean: 22.0119632756 15.8777439081
Median: 9.52 7.44
Max: 133.12 108.04
Min: 0.12 0.16
N_epochs: 47.08 32.44
STD: 33.2789653204 23.3793153077
Skew: 2.22577973756 2.65390789379
Corr: [ 0.06696842  0.26888776]
No std: 0