H5N20T5
Mean: 22.0119632756 14.4353424403
Median: 9.52 7.88
Max: 133.12 103.56
Min: 0.12 0.24
N_epochs: 47.08 21.44
STD: 33.2789653204 21.742258036
Skew: 2.22577973756 3.19785368169
Corr: [ 0.03905     0.45365742]
No std: 0

H5N50T5
Mean: 22.0119632756 17.8431659809
Median: 9.52 8.48
Max: 133.12 110.2
Min: 0.12 0.16
N_epochs: 47.08 36.2
STD: 33.2789653204 25.1685079496
Skew: 2.22577973756 2.48874616331
Corr: [ 0.05608301  0.31528879]
No std: 0

H5N100T5
Mean: 22.0119632756 17.655332935
Median: 9.52 5.86
Max: 133.12 111.6
Min: 0.12 0.2
N_epochs: 47.08 36.0
STD: 33.2789653204 25.4921416673
Skew: 2.22577973756 2.45615659412
Corr: [ 0.04125251  0.44999126]
No std: 0